26.3469
25.0452
27.1052
24.3331
23.7780
23.9950
26.9770
24.8555
26.3505
24.7465
24.5079
24.5881
24.6216
24.7471
24.5645
24.8093
25.5032
25.9855
30.5187
28.1454
25.4588
24.7856
24.9219
24.6104
29.2807
23.5454
23.7692
26.1709
29.1523
24.2503
24.2846
26.1107
27.6625
26.1583
26.6081
25.1393
23.7708
27.5112
24.5938
23.6900
25.7869
24.2562
23.9179
27.3305
28.4367
23.5713
27.2249
30.5483
26.3650
26.7024
24.4485
24.5631
29.5679
26.3498
33.9123
26.7833
26.8146
24.5632
24.0635
24.8543
27.5093
24.9810
24.8535
33.0887
24.6895
24.6550
23.5303
24.1766
24.3500
24.4934
24.1416
24.3555
26.1773
25.9195
24.4689
24.4127
24.5040
24.5176
25.7820
26.5436
24.4967
27.6112
23.6291
27.4463
28.3367
25.0456
24.5694
25.9071
24.4793
25.1763
24.0215
24.1242
24.0573
24.8295
23.7977
25.1673
23.6238
26.7088
27.8640
24.6559
24.7380
25.7185
24.3926
27.5135
23.8080
28.4633
34.0926
25.0604
26.8555
23.9717
31.3845
25.4938
24.3536
24.4507
24.6466
23.8904
24.7429
24.4739
27.6731
26.2611
24.2203
25.2470
23.5156
26.0584
28.0347
24.3627
24.0501
24.3575
26.5091
24.4784
23.7666
24.2547
26.7316
26.5935
28.1033
24.7584
29.9835
24.8918
25.7077
0.8751
0.7148
0.7136
0.7013
0.4872
0.5230
0.6655
0.5175
0.4902
0.5287
0.6374
0.5796
0.6711
0.4299
0.6255
0.6083
0.7179
0.6796
0.7753
0.7850
0.7167
0.7091
0.7137
0.6358
0.8504
0.5253
0.5480
0.8727
0.9510
0.6009
0.5606
0.7123
0.7297
0.8752
0.8753
0.6744
0.4693
0.7775
0.5865
0.4046
0.6278
0.5929
0.5424
0.7153
0.8058
0.5239
0.6661
0.9237
0.8764
0.6536
0.7003
0.6831
0.9187
0.8501
0.9278
0.6622
0.6544
0.6855
0.5960
0.7125
0.7295
0.7142
0.6344
0.7845
0.7023
0.6758
0.4979
0.6707
0.5730
0.7123
0.5292
0.6825
0.8156
0.7519
0.4787
0.6778
0.5992
0.5763
0.6073
0.5623
0.6819
0.6884
0.5168
0.7340
0.7885
0.7126
0.6778
0.6499
0.6323
0.7026
0.6638
0.6778
0.5305
0.6672
0.5273
0.7481
0.4648
0.8798
0.7824
0.6305
0.6057
0.8514
0.6869
0.6737
0.4844
0.8106
0.7818
0.7079
0.7564
0.5089
0.7807
0.7667
0.6868
0.6784
0.7067
0.5463
0.6953
0.6763
0.8309
0.7624
0.6783
0.7021
0.4645
0.7648
0.8337
0.7467
0.5279
0.6735
0.7501
0.5971
0.4726
0.5906
0.8754
0.8759
0.7849
0.6824
0.9538
0.6085
0.6793
