31.4219
25.7180
25.4930
25.6318
26.8895
25.2889
-1.0000
24.3817
26.6455
24.9705
37.5197
28.8168
27.0871
25.6566
23.8546
25.6688
27.1921
25.4103
25.4744
-1.0000
-1.0000
25.6628
25.3831
25.2352
25.5865
26.7194
28.0001
25.1115
26.0594
-1.0000
25.9933
25.2419
26.3079
27.1155
30.8695
32.6384
25.0684
24.1854
-1.0000
26.8732
27.5016
25.8639
26.5279
25.8469
-1.0000
27.2949
24.2791
26.6442
27.3993
26.2384
28.9287
43.5791
25.3558
27.0875
-1.0000
-1.0000
25.6103
28.4387
-1.0000
26.4288
-1.0000
25.0267
28.2086
25.2833
-1.0000
24.9434
26.9650
28.3107
48.4898
-1.0000
25.6703
25.6901
25.4276
26.6586
24.2754
25.7187
26.6447
25.1870
-1.0000
25.8665
-1.0000
26.7712
24.8146
-1.0000
25.3371
26.6357
27.1971
-1.0000
25.1334
42.9646
-1.0000
26.5174
27.0322
30.7410
25.6252
-1.0000
27.2431
29.8447
25.0791
25.8792
28.7449
24.9737
25.2544
24.9183
27.4603
29.5274
27.7557
25.7100
24.8331
26.0505
-1.0000
25.0398
27.0719
-1.0000
30.6922
30.5081
26.3448
26.6412
-1.0000
27.0956
-1.0000
-1.0000
40.6166
28.6738
25.2719
25.7033
-1.0000
-1.0000
24.9995
28.0743
30.7027
26.8265
26.2230
24.7439
27.0880
25.6992
25.6104
-1.0000
26.2691
25.9698
26.9246
27.1515
-1.0000
-1.0000
-1.0000
-1.0000
25.4918
27.0197
25.5158
30.2782
34.0757
24.7171
-1.0000
25.3597
37.2473
25.4897
-1.0000
24.6261
24.9316
34.5553
30.4589
26.2752
26.8109
25.2396
27.0533
26.8414
32.0614
21.9198
0.9676
0.6757
0.8772
0.7909
0.8766
0.7621
1.0000
0.6559
0.8817
0.6543
0.9712
0.9481
0.8925
0.7163
0.6459
0.7678
0.8932
0.7814
0.8688
1.0000
1.0000
0.8622
0.6067
0.6936
0.8372
0.8011
0.8421
0.7103
0.8809
1.0000
0.7466
0.7763
0.8760
0.8918
0.9567
0.9650
0.8338
0.6469
1.0000
0.8940
0.8919
0.6777
0.7051
0.7820
1.0000
0.9040
0.6554
0.8801
0.8501
0.8800
0.9557
0.9555
0.8407
0.8419
1.0000
1.0000
0.8724
0.9466
1.0000
0.8530
1.0000
0.6609
0.8526
0.8258
1.0000
0.6492
0.8973
0.9427
0.9556
1.0000
0.7756
0.7566
0.7507
0.7531
0.6467
0.7626
0.8810
0.6137
1.0000
0.8734
1.0000
0.6872
0.6521
1.0000
0.7442
0.6885
0.8936
1.0000
0.8318
0.9783
1.0000
0.8344
0.8759
0.9659
0.7580
1.0000
0.8992
0.9613
0.7665
0.8537
0.9364
0.6752
0.7447
0.7554
0.8888
0.9555
0.9156
0.6607
0.7349
0.8786
1.0000
0.8308
0.8949
1.0000
0.9628
0.9532
0.8166
0.8784
1.0000
0.8813
1.0000
1.0000
0.9758
0.9509
0.6576
0.8701
1.0000
1.0000
0.6827
0.9383
0.9653
0.7792
0.7805
0.6508
0.7809
0.6915
0.7484
1.0000
0.8489
0.7500
0.8923
0.8874
1.0000
1.0000
1.0000
1.0000
0.8587
0.8918
0.7832
0.9634
0.9744
0.6711
1.0000
0.7915
0.9677
0.8188
1.0000
0.7441
0.6573
0.9732
0.9683
0.8625
0.9006
0.7424
0.8317
0.8914
0.9728
0.8587
