25.9007
23.5387
26.1784
22.4889
26.6873
23.5067
27.1523
26.1456
26.4034
26.4442
24.5062
25.5961
23.5545
25.7727
23.6488
26.3398
22.7938
25.0524
32.3649
28.3939
25.0843
24.1911
23.4376
24.6535
28.0697
23.9599
23.0765
25.4452
31.9531
23.9513
23.5369
25.7155
27.4682
25.4438
25.9805
24.7986
26.1942
28.3630
26.1812
25.9929
25.3876
24.2610
23.8446
28.4132
29.6611
24.2751
26.7293
30.7942
25.4874
26.6396
23.3040
22.9920
32.2791
25.8163
35.3535
26.0050
26.6908
25.7540
24.4406
23.0956
28.0294
23.9322
23.6134
22.9112
23.1012
23.3726
22.7965
24.6465
22.6193
26.5206
23.5557
25.2645
24.3376
24.8600
22.7808
24.3854
23.3180
23.4831
26.1970
23.1157
28.8782
23.5529
30.4022
28.5063
25.7701
23.4191
24.1588
24.2928
24.8467
22.9095
23.0620
23.7517
24.8314
24.0010
23.3823
23.6726
25.6359
28.8332
24.4336
23.8737
25.8709
22.9137
27.1337
26.5724
31.1408
23.8196
26.3286
24.7711
30.9180
25.7610
22.7935
23.1265
24.0581
23.4386
23.6084
23.7862
28.6447
23.7673
22.9954
25.6778
26.8412
24.0078
28.1554
22.7262
24.2661
23.1826
25.5999
24.0667
35.1225
22.9057
26.0157
25.8593
25.8499
29.2978
23.4880
30.7864
26.8185
25.5063
0.8489
0.4774
0.6212
0.3768
0.7184
0.4956
0.7208
0.6450
0.6560
0.7884
0.6627
0.6342
0.4614
0.6401
0.4963
0.6795
0.3773
0.5849
0.9318
0.7350
0.7542
0.4923
0.4702
0.6272
0.7818
0.5899
0.4479
0.8699
0.7863
0.5344
0.4935
0.6564
0.7777
0.8695
0.8458
0.6638
0.6469
0.8345
0.6412
0.6412
0.6078
0.5631
0.5587
0.8342
0.8043
0.7227
0.6655
0.9566
0.8712
0.6191
0.4492
0.4516
0.7846
0.7994
0.9300
0.4824
0.6599
0.5943
0.6269
0.4431
0.6866
0.5049
0.5026
0.4779
0.4584
0.4969
0.4343
0.6860
0.3826
0.7874
0.4080
0.8640
0.5694
0.6489
0.3732
0.5923
0.4966
0.4581
0.6143
0.4579
0.6885
0.5165
0.8703
0.7376
0.8098
0.4032
0.4301
0.6280
0.5197
0.4532
0.4534
0.5353
0.7044
0.5620
0.3972
0.6042
0.8487
0.7859
0.6223
0.5431
0.8684
0.4539
0.7233
0.6488
0.9586
0.4239
0.6600
0.6494
0.7802
0.8696
0.4578
0.4484
0.5174
0.4987
0.4626
0.4818
0.7837
0.4747
0.4544
0.6149
0.6759
0.4876
0.8363
0.4565
0.7205
0.4671
0.4854
0.5900
0.7703
0.4734
0.6564
0.7019
0.7057
0.7902
0.4735
0.9282
0.6846
0.6244
