25.9173
22.2942
27.0992
21.3575
25.4833
23.9209
27.8510
25.3706
27.0294
24.5147
25.3980
25.4992
22.1171
24.8837
23.9694
25.9539
21.5522
23.0652
34.4652
30.0878
25.4917
23.1344
22.1724
25.3038
28.5889
24.1098
21.5496
25.5241
33.9582
24.1300
23.9244
23.5902
27.9322
25.8546
25.9392
25.4965
25.6753
29.1303
25.7969
25.5772
24.9146
24.0694
23.8125
29.0319
30.7161
22.8828
27.5046
31.7727
25.5280
27.5283
22.1194
21.7268
34.8727
25.8727
36.4389
27.1024
27.7809
23.7819
24.7909
22.0698
30.8211
22.9992
23.9185
21.9451
21.8471
23.7649
21.3474
22.9704
21.3743
24.7806
22.0839
25.3800
23.7628
23.0892
21.4845
23.6922
23.6090
22.1063
27.1433
21.9591
30.8244
23.6984
31.6162
29.7324
25.9073
21.9756
22.3801
24.9657
23.8265
21.4239
21.7589
23.7434
25.3581
24.1853
22.5656
22.0682
25.5027
29.7054
25.1461
23.8603
25.7613
21.7388
27.7002
26.1278
32.9971
22.8203
26.8246
23.2401
32.1693
25.5571
21.5541
21.8454
23.1257
23.7393
22.3119
22.3838
29.4727
22.6496
21.7244
25.4855
26.1896
22.8681
28.3302
21.4946
22.3837
21.6493
26.4701
24.3480
36.4813
22.2609
23.9461
26.1124
26.0676
30.1103
22.2634
31.8359
26.5009
25.2839
0.8648
0.4158
0.9106
0.3363
0.5427
0.4957
0.8949
0.5519
0.9117
0.4967
0.7720
0.5725
0.3955
0.5385
0.4971
0.5798
0.3363
0.4250
0.9848
0.9150
0.8589
0.4377
0.4095
0.7160
0.9063
0.5564
0.3384
0.8590
0.9757
0.5106
0.4943
0.4436
0.8979
0.8609
0.8662
0.8103
0.5705
0.9020
0.5698
0.5649
0.5388
0.5074
0.5072
0.9032
0.9262
0.4483
0.8974
0.9673
0.8547
0.9094
0.3982
0.3965
0.9820
0.9001
0.9883
0.8593
0.8951
0.4493
0.6227
0.3953
0.9240
0.4428
0.5165
0.4114
0.3992
0.4918
0.3746
0.4394
0.3385
0.4938
0.3447
0.8553
0.4886
0.4405
0.3329
0.4914
0.4970
0.3990
0.9058
0.4063
0.9234
0.4912
0.9553
0.9144
0.8844
0.3453
0.3412
0.7070
0.4561
0.3824
0.3941
0.4904
0.8160
0.5281
0.3622
0.4102
0.8976
0.9097
0.6641
0.5166
0.8631
0.3961
0.8964
0.5731
0.9685
0.3690
0.8793
0.4449
0.9730
0.8582
0.3989
0.3896
0.4482
0.4965
0.4045
0.4084
0.9095
0.4216
0.3956
0.5688
0.5746
0.4211
0.8605
0.3987
0.4225
0.3916
0.8516
0.5592
0.9511
0.4221
0.4611
0.8713
0.8749
0.9144
0.4142
0.9600
0.6083
0.6258
