32.1308
23.8848
25.9240
24.0385
25.3525
24.1284
23.6308
25.8881
23.6503
30.1072
26.4782
23.8859
23.5042
24.1584
26.2953
24.1177
24.1508
24.2355
23.9815
24.1181
23.6992
27.2557
28.7102
23.8023
24.6855
24.0174
24.1903
24.5959
26.4613
31.5562
32.0834
23.7822
23.6116
25.7810
25.7788
23.7612
23.8757
24.0887
28.1222
23.9697
25.8447
28.9784
25.1287
30.4183
36.6966
23.8246
25.5260
25.5386
31.0985
25.9245
23.6542
29.0641
24.2730
24.0737
27.2049
29.8839
23.9159
24.1381
23.9846
24.1828
23.8863
24.1276
25.1069
23.9867
24.1481
23.7662
24.0276
23.7335
24.0642
27.5683
24.1661
34.4494
25.7895
27.9329
32.6828
23.9910
27.5104
30.4739
23.9804
23.9677
29.5916
23.8566
24.2209
23.8984
28.1373
30.5068
28.3007
24.1080
23.8312
25.5410
23.9925
26.8992
31.2841
33.0468
25.9400
26.1111
25.6123
29.9803
23.8247
25.4903
23.9964
29.5935
30.6565
25.6095
24.1874
23.9412
27.9112
24.0884
24.0664
23.9449
24.9559
25.8481
25.5447
24.0307
26.7913
24.2971
31.8018
37.0308
23.9139
23.9233
34.0921
24.0595
23.9664
23.7546
32.9566
34.0295
25.6113
27.5236
24.1480
28.7815
26.2427
35.3196
26.2954
0.9322
0.4860
0.8588
0.5283
0.6287
0.5096
0.4818
0.8680
0.4871
0.9094
0.8608
0.5125
0.4834
0.5071
0.8677
0.5049
0.5165
0.5198
0.5067
0.4889
0.4966
0.8825
0.9236
0.4996
0.5925
0.4907
0.5088
0.5438
0.8767
0.9259
0.9606
0.4992
0.4851
0.8855
0.8608
0.4855
0.4847
0.5145
0.9025
0.4984
0.8625
0.9036
0.6329
0.9133
0.9876
0.4927
0.6054
0.7657
0.9219
0.8662
0.4980
0.9086
0.5140
0.4861
0.8746
0.9127
0.5093
0.5054
0.5096
0.5090
0.4955
0.5259
0.5945
0.5228
0.5396
0.4835
0.4967
0.5193
0.4868
0.8797
0.5120
0.9772
0.6053
0.9196
0.9617
0.5125
0.8645
0.9138
0.4892
0.4972
0.9073
0.5033
0.5099
0.5218
0.9150
0.9127
0.8694
0.4874
0.4998
0.7175
0.5143
0.8717
0.9222
0.9681
0.6097
0.8707
0.7169
0.8694
0.4915
0.8597
0.5004
0.9079
0.9161
0.5833
0.5119
0.4893
0.8840
0.5228
0.5264
0.4991
0.5721
0.8614
0.7770
0.4963
0.8796
0.5320
0.9300
0.9851
0.5011
0.5204
0.9725
0.5150
0.5044
0.4912
0.9679
0.9190
0.8168
0.9153
0.4876
0.9015
0.8659
0.9796
0.6820
