29.8747
24.1312
25.2752
24.6136
24.5567
24.2295
23.9792
25.6101
23.8562
28.6511
26.3757
24.2738
23.8342
24.2123
26.1425
24.3800
24.2954
24.2157
24.2507
24.5048
23.6018
26.3611
27.3142
24.2546
24.3840
24.3403
24.3891
24.4885
26.3561
28.7983
30.1739
23.7282
24.0995
24.9993
24.9028
24.1329
24.4876
23.8194
27.2313
24.0973
25.7674
28.3262
24.5370
29.5340
34.4321
23.5665
24.9867
24.4284
29.0896
25.3751
23.9342
27.8162
23.5482
24.3953
26.7549
29.3281
24.5979
24.1516
23.8074
23.7843
24.1808
24.4407
24.3656
24.1886
24.0546
23.8667
24.4086
23.6942
24.3792
26.9639
23.4716
31.8680
25.1780
26.6210
31.1930
23.6845
25.9774
29.2509
24.4284
23.8749
28.4636
24.0856
24.0348
23.9542
26.7563
28.9373
26.3980
24.2508
24.2533
24.5368
23.6060
26.7354
28.9500
31.4950
25.4729
26.0796
24.4840
29.1169
24.2156
24.9065
24.4027
29.1211
29.4677
25.8786
23.7489
24.3056
26.9057
24.2710
24.2755
23.8727
24.4738
25.1749
24.4309
23.9357
26.1056
24.7610
29.8618
35.3408
24.0413
24.1125
31.1276
23.6229
24.3857
23.9163
30.9097
32.9931
24.6278
26.3748
24.6070
27.8119
25.6800
33.3289
25.8188
0.8107
0.5451
0.8656
0.6195
0.6259
0.5642
0.5633
0.8700
0.5463
0.7889
0.8817
0.6101
0.5471
0.5903
0.8781
0.5856
0.5657
0.5681
0.6063
0.5685
0.4994
0.6634
0.6670
0.5814
0.5958
0.5934
0.5893
0.5949
0.8518
0.6949
0.9510
0.5215
0.5635
0.8428
0.7498
0.5639
0.5906
0.5136
0.6704
0.5567
0.8766
0.7825
0.6271
0.7908
0.7846
0.4940
0.5784
0.6579
0.6906
0.8729
0.5750
0.6748
0.4954
0.5675
0.8594
0.8399
0.6103
0.5588
0.5293
0.5106
0.5576
0.6048
0.5984
0.6052
0.5691
0.5420
0.5766
0.5729
0.5655
0.7198
0.4925
0.7830
0.5822
0.6626
0.9528
0.5150
0.4859
0.7888
0.5878
0.5172
0.7776
0.5796
0.5323
0.5745
0.6250
0.8410
0.4875
0.5445
0.5815
0.6273
0.4976
0.8823
0.6914
0.9579
0.6047
0.8568
0.6277
0.7899
0.5735
0.7547
0.5798
0.8412
0.7924
0.6747
0.5058
0.5691
0.6613
0.6084
0.6104
0.5171
0.5752
0.8696
0.6633
0.5177
0.7076
0.6416
0.7529
0.7828
0.5609
0.5994
0.7830
0.4990
0.5837
0.5504
0.9559
0.9037
0.7062
0.6259
0.5898
0.7271
0.8740
0.7898
0.6571
