31.8159
25.0386
24.9729
24.4305
25.3732
24.7267
-1.0000
23.8320
25.7338
24.0501
38.2330
28.8058
26.3855
24.2745
23.6111
24.2252
26.5127
24.7687
24.7779
-1.0000
-1.0000
24.1030
24.2836
24.5210
23.9935
26.0795
28.0262
24.6299
24.8057
-1.0000
24.4256
24.2535
24.6662
26.2336
31.6849
34.0581
23.7464
23.7362
-1.0000
25.8090
26.3879
24.4948
24.1423
24.4702
-1.0000
27.0087
23.8641
25.9368
28.6429
25.1123
29.2512
44.9921
24.0885
25.4234
-1.0000
-1.0000
24.9655
30.0440
-1.0000
25.2425
-1.0000
23.9578
28.1673
24.7356
-1.0000
24.3672
26.7022
29.2076
48.1749
-1.0000
24.1449
25.0999
25.0146
24.7139
23.9668
24.6657
25.3760
23.6404
-1.0000
24.4584
-1.0000
24.7764
24.5408
-1.0000
23.8768
24.5622
26.6799
-1.0000
24.2732
44.6127
-1.0000
24.7937
26.4988
31.4733
24.5394
-1.0000
26.6925
28.3165
24.3873
24.3927
28.8155
24.0104
24.6578
24.0445
26.9940
28.6590
27.6967
24.6090
24.3592
25.2323
-1.0000
24.2454
26.5813
-1.0000
30.4618
31.9705
24.8656
26.0793
-1.0000
25.7971
-1.0000
-1.0000
41.9542
29.7610
25.0142
25.3972
-1.0000
-1.0000
24.3140
29.2515
29.5581
25.1428
24.3804
24.2251
26.3871
24.1227
24.3092
-1.0000
24.2562
23.9928
26.3892
25.7760
-1.0000
-1.0000
-1.0000
-1.0000
24.2263
26.3810
24.4579
30.1630
35.8741
24.1840
-1.0000
24.2533
38.4822
24.6425
-1.0000
23.9113
24.2059
35.4500
32.3487
25.3150
26.3003
24.5764
27.9876
25.9782
33.7155
21.4327
0.7851
0.6277
0.8326
0.6149
0.6685
0.6541
1.0000
0.5899
0.8671
0.6029
0.7836
0.7929
0.7068
0.6365
0.5938
0.5937
0.8514
0.6255
0.5941
1.0000
1.0000
0.5237
0.6124
0.5933
0.5397
0.5210
0.6902
0.6388
0.5943
1.0000
0.5928
0.6185
0.5976
0.7096
0.9600
0.9255
0.5193
0.5902
1.0000
0.8692
0.8718
0.5992
0.5733
0.6218
1.0000
0.6774
0.5766
0.8685
0.6992
0.6304
0.7404
0.9504
0.5417
0.6280
1.0000
1.0000
0.6642
0.7496
1.0000
0.8605
1.0000
0.6030
0.7003
0.5942
1.0000
0.5957
0.6592
0.7915
0.9508
1.0000
0.6075
0.6570
0.6603
0.6251
0.5987
0.6665
0.6635
0.5834
1.0000
0.5437
1.0000
0.6250
0.6004
1.0000
0.6224
0.5979
0.6256
1.0000
0.5662
0.9487
1.0000
0.5996
0.6647
0.9350
0.6262
1.0000
0.6279
0.7460
0.5936
0.5414
0.8384
0.6071
0.6273
0.6295
0.6712
0.7359
0.7722
0.6020
0.6359
0.6633
1.0000
0.5624
0.6614
1.0000
0.9559
0.9633
0.6570
0.8484
1.0000
0.7123
1.0000
1.0000
0.9482
0.7932
0.6312
0.8010
1.0000
1.0000
0.6116
0.8391
0.8740
0.6676
0.5919
0.5977
0.5188
0.6123
0.6119
1.0000
0.5424
0.6168
0.8756
0.7644
1.0000
1.0000
1.0000
1.0000
0.5409
0.7069
0.6367
0.8129
0.7806
0.6072
1.0000
0.6343
0.7874
0.6251
1.0000
0.5831
0.6039
0.7865
0.7858
0.7052
0.6248
0.5919
0.6321
0.8687
0.7954
0.7446
