25.8777
23.9179
24.9528
23.7893
23.9964
24.3603
28.8816
23.7906
25.6226
23.4852
25.4726
24.5181
23.9833
23.7150
24.2081
24.0542
24.6215
24.3258
31.2195
28.8825
24.8750
24.3422
24.2449
25.2057
27.4066
25.2252
24.5288
24.8185
30.4225
23.9977
24.4759
24.7986
27.0547
25.7764
26.3441
25.0994
23.6205
28.6918
25.3843
0.7594
0.5732
0.5168
0.5201
0.5378
0.5952
0.7823
0.5137
0.6153
0.5090
0.8731
0.5921
0.5833
0.5302
0.5680
0.5403
0.6294
0.5919
0.9275
0.7913
0.8431
0.5849
0.5737
0.8418
0.6336
0.8098
0.5406
0.8689
0.9536
0.5394
0.5960
0.5966
0.6809
0.8577
0.7179
0.8411
0.5102
0.8381
0.6678
