26.3045
24.1168
25.9435
23.8625
24.1966
24.7369
29.8018
24.1936
26.4944
23.9195
26.4759
24.8665
24.2218
23.9838
24.3360
24.4004
24.7659
24.5874
31.3424
29.6533
25.9273
24.3418
24.2972
25.5093
28.3129
26.0093
24.6105
25.8059
31.3307
24.3386
24.9285
24.9169
27.9605
26.8320
27.0223
25.6442
24.0201
29.5215
23.7950
24.4524
23.9204
23.8983
25.0841
29.6397
29.0968
24.2095
27.3806
29.1094
25.5182
31.4930
28.2315
24.4370
24.0385
31.6405
26.0899
34.4191
33.2065
26.4996
29.0066
24.0061
26.0097
24.9069
29.6157
24.2182
25.4465
29.8363
24.0007
24.6379
25.3709
24.9120
23.9955
24.0436
24.5066
24.6494
25.8085
24.0455
23.7829
24.7583
23.8659
25.0178
24.4483
27.4919
23.9728
29.2653
24.8612
29.2025
28.8225
26.1985
24.4275
24.9575
26.5207
24.2294
24.4873
24.6193
25.3235
26.3803
25.5122
24.2054
23.9277
25.9873
29.2984
25.3627
24.7777
26.9088
24.1379
27.2269
24.6445
30.6489
30.2335
24.8293
26.0274
35.2995
24.5313
29.3882
26.9762
24.0135
25.1488
23.9590
25.1149
24.1463
24.0163
29.2656
24.7227
24.3192
24.2347
24.7624
24.5800
28.1518
23.9346
24.0938
24.8475
26.7483
25.0144
34.2960
24.1598
23.9555
26.7604
26.0422
28.4290
24.8394
29.0540
24.5934
26.0878
0.7174
0.5509
0.4858
0.5171
0.5151
0.5972
0.7848
0.5168
0.6184
0.5119
0.8754
0.5919
0.5566
0.5133
0.5482
0.5398
0.5971
0.5612
0.9610
0.7938
0.8724
0.5325
0.5486
0.8488
0.6347
0.8155
0.5415
0.8710
0.9277
0.5408
0.5967
0.5464
0.6820
0.7665
0.7185
0.8673
0.5124
0.8405
0.4971
0.5175
0.4989
0.5146
0.6349
0.7936
0.7877
0.5390
0.6681
0.7442
0.8731
0.7835
0.6750
0.5629
0.5655
0.9599
0.8509
0.9778
0.9043
0.6224
0.7232
0.5258
0.8721
0.5980
0.7952
0.5463
0.6657
0.9501
0.5174
0.6012
0.6318
0.6000
0.5392
0.5207
0.5377
0.5890
0.8682
0.5005
0.5221
0.5940
0.4993
0.6338
0.5692
0.6353
0.5418
0.8404
0.6281
0.6976
0.8390
0.8747
0.5988
0.5902
0.8775
0.5282
0.5987
0.5670
0.7088
0.8788
0.7600
0.5532
0.5130
0.8692
0.8407
0.7567
0.5921
0.8796
0.5648
0.6671
0.5373
0.8113
0.9574
0.5708
0.6998
0.9334
0.5423
0.8087
0.8789
0.5191
0.6310
0.5429
0.6643
0.5309
0.5565
0.8439
0.5908
0.5647
0.5198
0.5404
0.5650
0.7312
0.5196
0.5385
0.5902
0.6260
0.6648
0.9172
0.5354
0.5092
0.6291
0.7101
0.7866
0.6051
0.7922
0.5422
0.6641
