24.6143
22.3643
26.0867
21.9212
23.3989
25.5964
28.2765
23.2187
27.6784
23.1239
25.4418
23.7773
23.3982
23.1671
24.7595
23.3680
24.4212
23.2596
31.9582
29.4709
25.4702
22.1908
23.0404
25.6166
30.0943
24.9967
21.7169
24.9115
30.3945
23.7779
25.1142
24.8272
28.0816
25.2205
24.7965
25.6062
22.9068
28.5915
23.0650
23.4294
23.8937
23.4310
25.2780
28.0345
29.8016
22.3373
28.6358
29.5294
24.9554
27.3557
22.9537
24.7601
31.2353
24.8644
32.6066
26.9765
27.8652
21.6273
25.0397
23.7086
29.5866
21.1297
24.6747
31.5031
21.6845
23.2870
24.8478
22.7003
23.0457
22.5309
23.3014
24.6901
25.6106
23.7395
22.7227
24.4647
23.2794
24.9326
24.8716
25.5573
24.4990
29.5331
24.9186
29.5359
28.8247
25.4906
22.5377
23.7529
25.4922
23.4042
22.4330
24.0128
25.2844
25.4337
25.2013
21.5355
22.5023
25.1918
28.9633
25.7006
24.2375
25.1801
24.5786
28.4964
23.6998
30.0053
32.4693
22.3434
25.9453
23.4765
30.8808
25.2523
23.3939
23.2807
20.7421
24.7832
22.6682
24.3387
28.5802
24.5703
24.4457
23.3914
23.3256
23.6917
29.1050
21.7406
23.0100
24.0128
25.1765
25.7525
21.7161
22.0481
25.7106
26.1168
28.5341
22.5076
29.3231
23.1312
25.1602
0.6522
0.6789
0.6846
0.7016
0.7620
0.8056
0.8993
0.7315
0.8229
0.7312
0.8165
0.7654
0.6758
0.6681
0.7733
0.7648
0.7021
0.7280
0.6581
0.9269
0.7870
0.6770
0.6887
0.8214
0.9363
0.7988
0.7026
0.7527
0.7385
0.7584
0.7777
0.7818
0.9097
0.7544
0.6318
0.7885
0.7386
0.9193
0.7598
0.6920
0.7541
0.7544
0.8119
0.9122
0.7890
0.7281
0.8848
0.5309
0.7470
0.8710
0.6902
0.6958
0.5263
0.6327
0.5265
0.7410
0.8496
0.6852
0.7948
0.6998
0.8045
0.6589
0.7790
0.5296
0.7016
0.6745
0.8015
0.6677
0.7381
0.6887
0.7594
0.6885
0.7760
0.7526
0.6576
0.6899
0.7555
0.7839
0.6590
0.6231
0.6951
0.7805
0.8039
0.7569
0.8744
0.7752
0.6660
0.6630
0.8295
0.7306
0.6511
0.6825
0.8051
0.7958
0.8090
0.6549
0.6687
0.6761
0.9434
0.8299
0.7688
0.7641
0.6954
0.9306
0.7694
0.7808
0.5090
0.7117
0.6818
0.7414
0.5741
0.7613
0.6903
0.6804
0.6505
0.7912
0.6702
0.6823
0.9394
0.7401
0.6908
0.7633
0.7624
0.7424
0.9322
0.6844
0.7350
0.6816
0.6525
0.8178
0.6464
0.7084
0.7475
0.7514
0.9245
0.6657
0.7656
0.7621
0.7408
