26.6766
24.2936
27.8387
23.1831
22.2070
24.4727
28.6352
23.9178
28.4287
23.8411
25.0405
24.3357
23.8848
23.0580
24.4207
24.2894
24.5380
24.8986
34.1138
29.9355
25.8639
23.9517
24.4084
25.1940
30.5639
23.6356
22.6281
26.5184
32.4822
23.8746
24.4682
24.6460
29.1883
26.4210
26.7900
25.5883
22.4613
29.0265
22.6104
22.7916
23.9521
23.9272
23.7828
28.8497
31.6390
22.8671
28.8961
33.1107
26.7954
27.7928
23.9480
23.3640
32.7570
27.1443
35.2741
28.1529
28.1704
23.3773
24.0005
24.1997
29.9581
23.8479
24.5811
35.0358
23.1873
24.1488
23.7999
23.5765
23.4231
24.0016
22.6045
22.6350
26.4990
24.4547
23.5283
22.7841
24.1639
24.6461
25.0511
27.4917
23.6526
31.0426
23.6098
30.6688
30.5292
25.8036
23.9726
24.8211
24.5288
24.1606
23.4715
22.6117
24.5303
25.3910
24.2080
24.0538
22.4208
27.2821
29.5399
24.6064
24.3065
25.8667
23.0625
29.1258
22.5150
31.5833
35.8329
23.8010
27.5890
23.0327
33.9466
26.0088
23.8515
23.9104
23.3313
24.3458
23.9603
23.2592
29.3777
25.7275
22.8594
23.4757
22.4221
24.7613
29.2788
23.4537
23.1396
22.9480
27.2170
24.0915
22.6158
22.7965
26.9161
27.2682
29.7000
24.1897
32.6823
24.0217
25.7661
0.8660
0.5645
0.8797
0.4880
0.4058
0.5427
0.9180
0.4586
0.8985
0.4652
0.7101
0.5207
0.5454
0.3581
0.5408
0.5202
0.5666
0.5291
0.9758
0.9105
0.8273
0.5513
0.5869
0.7184
0.9191
0.5032
0.4349
0.8618
0.9627
0.5173
0.5420
0.5090
0.9059
0.8655
0.8581
0.8185
0.4047
0.8997
0.4219
0.3637
0.4619
0.5128
0.5158
0.9006
0.9274
0.4553
0.9219
0.9667
0.8648
0.8776
0.5721
0.4931
0.9347
0.8590
0.9813
0.8805
0.9107
0.4751
0.5396
0.5600
0.9125
0.5101
0.5468
0.9801
0.4826
0.5515
0.5139
0.5323
0.4708
0.5837
0.4268
0.4501
0.8888
0.4961
0.3999
0.4673
0.5297
0.5494
0.4861
0.8914
0.5205
0.9228
0.5005
0.9204
0.9165
0.8257
0.5523
0.4649
0.5978
0.5180
0.5287
0.4600
0.5480
0.7759
0.5262
0.5250
0.3661
0.8700
0.9069
0.5991
0.5214
0.8575
0.4843
0.9239
0.4166
0.9271
0.9852
0.4951
0.8746
0.4417
0.9733
0.8696
0.5634
0.5402
0.4881
0.5484
0.5668
0.4921
0.8997
0.6267
0.4661
0.4581
0.4115
0.5330
0.9060
0.5373
0.4541
0.4696
0.8686
0.5393
0.3748
0.4430
0.8651
0.8686
0.9121
0.5617
0.9638
0.5006
0.6514
