25.9335
25.8468
26.7221
25.7598
26.5980
24.5223
27.5308
24.9652
27.7292
26.0677
25.0201
24.8178
26.1771
26.5793
24.8432
25.0173
24.5350
25.4458
31.9436
29.0606
25.4657
26.0952
26.0889
25.3839
29.5384
24.7490
25.4357
25.4423
30.5285
24.7901
24.7862
25.8652
28.4693
25.6557
26.0819
25.6004
25.9521
27.8538
25.9669
25.9526
24.4756
24.3181
24.8585
27.6891
31.3222
24.6659
27.9793
33.6237
25.7395
26.5102
24.4135
24.8914
31.3274
26.2997
33.1378
27.2984
26.6460
25.6607
24.9384
24.8349
28.9650
25.0765
24.5293
36.8819
26.0192
24.7340
24.6447
24.6776
24.5647
26.7605
26.2302
26.3924
25.4627
24.7256
24.6009
39.9527
25.5468
24.4143
24.6502
24.6579
26.2997
24.8692
30.5840
25.1837
29.0542
30.2758
25.7296
24.8602
25.1484
25.0532
26.0978
25.4870
25.9406
24.5573
25.6456
24.3126
25.3219
25.2200
26.3452
28.7966
25.2006
24.3630
25.5645
25.3413
28.6218
26.1717
29.5094
38.2403
24.6907
26.7255
39.0829
24.5620
34.6957
25.0048
25.8778
24.8005
24.3506
24.4641
26.2870
26.2730
28.4716
25.1478
25.1694
26.0954
25.9521
25.1175
29.0917
26.3238
24.5273
26.2031
26.3761
24.9157
34.7747
25.8419
26.1277
26.1052
26.5522
29.4491
25.6597
31.8634
25.5953
26.7015
0.6850
0.5907
0.6232
0.5947
0.6514
0.5789
0.6384
0.6215
0.6587
0.6483
0.6212
0.6206
0.5713
0.6632
0.5874
0.6135
0.5619
0.5657
0.8844
0.7302
0.6680
0.6460
0.5525
0.6331
0.7446
0.5831
0.6473
0.6832
0.7840
0.5879
0.5824
0.5821
0.7281
0.6916
0.6848
0.6506
0.6401
0.6651
0.6446
0.6435
0.6182
0.5907
0.6082
0.6506
0.8959
0.6239
0.6935
0.9199
0.6883
0.6297
0.5395
0.5714
0.8460
0.6910
0.8948
0.6403
0.5174
0.6206
0.5927
0.5486
0.7330
0.6403
0.6119
0.8877
0.6867
0.5003
0.5857
0.5596
0.6299
0.6430
0.6221
0.6273
0.6832
0.6187
0.6363
0.8708
0.5843
0.5984
0.5969
0.5443
0.6454
0.5834
0.8660
0.6078
0.7397
0.7879
0.6390
0.5718
0.5613
0.6088
0.6415
0.5834
0.5951
0.5882
0.6517
0.5742
0.6754
0.6347
0.6943
0.7327
0.6239
0.6187
0.6762
0.5838
0.7172
0.6645
0.7271
0.9529
0.6259
0.6338
0.9136
0.6234
0.8704
0.6501
0.6140
0.5517
0.6203
0.5919
0.6675
0.6336
0.7053
0.5612
0.5858
0.6384
0.6339
0.5524
0.7292
0.6494
0.6239
0.6058
0.6900
0.6180
0.9023
0.6469
0.6413
0.6889
0.6552
0.7283
0.5304
0.8957
0.6253
0.6556
