33.9435
25.9410
25.5855
25.8778
26.6178
25.6413
-1.0000
24.6200
27.0742
24.9075
39.0310
31.6701
27.8829
25.7000
24.2866
25.6179
27.7050
25.8027
26.2859
-1.0000
-1.0000
26.2545
23.6707
25.3950
25.5818
28.0882
30.0386
25.5068
26.6382
-1.0000
25.7789
25.4921
25.8926
27.8251
33.5367
35.0668
25.4247
24.5899
-1.0000
26.7543
27.5471
25.7312
25.6626
25.8019
-1.0000
29.1993
24.3024
27.1714
31.0155
26.5375
30.6359
45.1404
25.7239
27.0997
-1.0000
-1.0000
25.9590
30.6636
-1.0000
26.4122
-1.0000
25.0366
30.2521
26.0802
-1.0000
24.8297
28.4548
30.5884
48.4611
-1.0000
25.6088
26.1123
26.2300
25.9343
24.3305
26.1408
26.3720
25.2900
-1.0000
26.4210
-1.0000
25.9132
25.0777
-1.0000
25.2139
25.6302
28.6298
-1.0000
25.7007
44.6429
-1.0000
26.7602
28.5811
33.4977
25.9590
-1.0000
28.8418
31.6856
25.2539
26.0414
31.3662
25.1072
25.8778
25.5823
29.2249
31.8802
29.5767
25.4009
25.4190
26.4626
-1.0000
25.5779
28.5898
-1.0000
32.8909
34.0627
26.5355
27.2191
-1.0000
26.9222
-1.0000
-1.0000
39.8902
30.7276
25.4869
26.1554
-1.0000
-1.0000
25.1528
31.3153
32.8908
26.8774
25.5320
24.7540
28.6697
25.5288
25.7610
-1.0000
26.0143
25.5902
27.2778
26.6978
-1.0000
-1.0000
-1.0000
-1.0000
25.7688
27.9914
25.6007
30.2732
36.0767
24.8547
-1.0000
25.9162
38.6979
25.7546
-1.0000
25.3899
25.0510
35.3885
33.7866
26.1294
28.5609
25.5028
30.2374
26.9084
34.6019
22.4935
0.7098
0.6107
0.8431
0.6721
0.7778
0.6678
1.0000
0.5790
0.8725
0.5757
0.7665
0.9282
0.8679
0.6322
0.5621
0.6377
0.8476
0.6527
0.6963
1.0000
1.0000
0.7094
0.5181
0.6156
0.7201
0.8424
0.9022
0.6271
0.6825
1.0000
0.6324
0.6505
0.7010
0.8668
0.7673
0.6642
0.7009
0.5723
1.0000
0.8566
0.8645
0.6088
0.6185
0.6962
1.0000
0.9355
0.5668
0.8615
0.9061
0.6924
0.9253
0.9543
0.7156
0.7613
1.0000
1.0000
0.7637
0.8099
1.0000
0.8753
1.0000
0.5871
0.9134
0.7010
1.0000
0.5734
0.9091
0.9312
0.9546
1.0000
0.6518
0.6677
0.6835
0.6797
0.5635
0.6951
0.7231
0.6545
1.0000
0.6953
1.0000
0.6151
0.5776
1.0000
0.6742
0.6122
0.9227
1.0000
0.7133
0.9328
1.0000
0.7538
0.9167
0.7808
0.6880
1.0000
0.9241
0.7051
0.6292
0.7297
0.9536
0.6025
0.6733
0.6733
0.9138
0.9240
0.9410
0.5906
0.6294
0.7414
1.0000
0.7047
0.8932
1.0000
0.7857
0.7798
0.7197
0.8626
1.0000
0.8099
1.0000
1.0000
0.7961
0.9209
0.5870
0.8497
1.0000
1.0000
0.6163
0.9481
0.7562
0.7241
0.6834
0.5732
0.8720
0.6183
0.6510
1.0000
0.7114
0.6904
0.8577
0.8473
1.0000
1.0000
1.0000
1.0000
0.7068
0.8739
0.6765
0.7621
0.5173
0.6030
1.0000
0.6804
0.7500
0.6984
1.0000
0.6394
0.5818
0.5380
0.7216
0.7888
0.9133
0.6286
0.9019
0.8449
0.6758
0.7883
