26.9444
26.9089
27.6507
26.5963
27.7822
27.2741
27.2212
26.9954
28.3586
-1.0000
27.7750
-1.0000
26.5319
26.1415
27.3207
28.5421
27.4787
26.3281
26.1560
27.3042
32.0084
27.9730
-1.0000
27.5198
27.4052
-1.0000
-1.0000
27.5378
-1.0000
27.5656
29.3904
-1.0000
26.4727
26.0122
27.2590
29.9041
27.2305
27.4844
27.2841
28.8822
27.0335
26.9538
27.5773
28.0453
27.3092
27.6659
27.7021
39.9509
-1.0000
26.6635
26.9298
27.5008
27.6181
32.0812
-1.0000
25.6045
28.3939
-1.0000
33.9024
27.3611
40.6401
27.1304
26.3300
26.4872
30.9092
-1.0000
27.1169
-1.0000
32.2900
28.0962
26.9739
27.1021
26.6022
26.6901
28.3439
25.8758
26.3981
34.3739
-1.0000
-1.0000
-1.0000
26.3599
-1.0000
26.9358
27.4546
-1.0000
26.3662
25.4805
27.7861
-1.0000
27.7168
-1.0000
27.2559
-1.0000
27.3511
-1.0000
26.9251
25.5595
37.9937
26.8900
27.0363
26.3934
-1.0000
26.7674
27.1583
-1.0000
26.4831
-1.0000
31.4647
-1.0000
-1.0000
27.6919
-1.0000
29.0243
30.9047
27.0472
26.5686
26.9073
26.6557
27.3145
27.2571
27.1126
-1.0000
26.6128
27.4371
26.2519
26.0267
26.0223
27.2374
27.8582
27.3873
25.9907
-1.0000
26.9579
-1.0000
26.7220
28.2823
-1.0000
27.4130
29.4948
-1.0000
-1.0000
35.3246
-1.0000
-1.0000
25.5687
27.3756
-1.0000
36.0928
25.1746
33.5325
26.9417
27.3160
26.2481
24.9658
26.3066
26.9654
27.1370
27.4966
27.2229
26.4211
27.3554
27.5158
-1.0000
-1.0000
-1.0000
-1.0000
27.0207
29.3225
26.9744
-1.0000
-1.0000
25.1746
-1.0000
-1.0000
27.3355
27.3557
27.5612
33.2054
26.4425
27.5301
27.0736
-1.0000
27.3974
30.3687
-1.0000
38.3007
27.4021
32.9937
26.8232
-1.0000
20.8727
0.7214
0.8688
0.6630
0.8936
0.6170
0.9237
0.6474
0.8769
0.6759
1.0000
0.8294
1.0000
0.6314
0.6172
0.8859
0.8445
0.9233
0.6136
0.8874
0.8843
0.9094
0.7100
1.0000
0.8974
0.8021
1.0000
1.0000
0.8732
1.0000
0.9150
0.6846
1.0000
0.6266
0.8932
0.7848
0.7840
0.9081
0.9241
0.8843
0.6736
0.6917
0.7420
0.9103
0.8759
0.7068
0.6234
0.6216
0.9693
1.0000
0.8849
0.9082
0.9044
0.7479
0.8155
1.0000
0.8787
0.6713
1.0000
0.9055
0.7566
0.9963
0.6703
0.8791
0.8829
0.8395
1.0000
0.6427
1.0000
0.9312
0.6734
0.6509
0.8050
0.6315
0.8833
0.7181
0.8913
0.6260
0.9862
1.0000
1.0000
1.0000
0.8877
1.0000
0.8935
0.9088
1.0000
0.8865
0.8791
0.9003
1.0000
0.6165
1.0000
0.8834
1.0000
0.8483
1.0000
0.9047
0.8802
0.9786
0.8845
0.9081
0.6222
1.0000
0.8822
0.8393
1.0000
0.8892
1.0000
0.7713
1.0000
1.0000
0.9051
1.0000
0.7306
0.7285
0.7201
0.8925
0.8488
0.6332
0.8081
0.8646
0.8831
1.0000
0.6249
0.6796
0.6237
0.8871
0.8948
0.6883
0.7218
0.8982
0.6216
1.0000
0.7926
1.0000
0.8850
0.5269
1.0000
0.6166
0.7368
1.0000
1.0000
0.9918
1.0000
1.0000
0.8863
0.6658
1.0000
0.9812
0.8826
0.9746
0.7867
0.8962
0.8842
0.8792
0.6225
0.8881
0.8832
0.7075
0.8898
0.8790
0.6224
0.6182
1.0000
1.0000
1.0000
1.0000
0.8803
0.6793
0.8936
1.0000
1.0000
0.8788
1.0000
1.0000
0.8847
0.7451
0.9009
0.9422
0.8939
0.8164
0.7889
1.0000
0.6645
0.7167
1.0000
0.9535
0.9000
0.8439
0.6145
1.0000
0.8535
