31.4530
24.4522
24.9363
24.2509
25.5649
23.9868
-1.0000
23.4980
25.6251
23.5809
38.0033
28.7527
26.7370
24.0364
23.1028
23.9922
26.7853
24.0061
23.9315
-1.0000
-1.0000
23.8791
23.8966
24.0356
23.7802
25.8733
27.9975
24.0398
24.1370
-1.0000
24.2278
23.9304
24.6693
26.3148
31.6112
33.9038
23.5267
23.3698
-1.0000
25.9196
26.4606
24.3287
24.3615
24.2108
-1.0000
27.3144
23.2666
26.0608
28.2289
24.8051
28.5015
43.6668
23.9125
25.2896
-1.0000
-1.0000
24.6417
28.4636
-1.0000
25.2914
-1.0000
23.6402
28.1501
24.0143
-1.0000
23.8588
26.3330
28.9556
48.0910
-1.0000
24.0900
24.2254
24.3486
24.7261
23.3473
24.6323
25.1282
23.5073
-1.0000
24.1172
-1.0000
24.8276
23.8871
-1.0000
23.7163
24.5577
26.5653
-1.0000
23.8085
44.2832
-1.0000
24.5772
26.6157
31.6425
24.1041
-1.0000
26.5023
28.9391
23.6426
23.9585
28.6604
23.7253
23.9813
23.6643
26.9442
28.6789
27.8124
24.4512
23.9063
24.9147
-1.0000
23.7672
26.6882
-1.0000
30.6365
31.6208
24.5831
26.0107
-1.0000
25.7536
-1.0000
-1.0000
41.9461
29.1425
24.4074
25.0572
-1.0000
-1.0000
23.7885
28.8426
29.9117
24.8825
24.4094
23.5737
26.3641
23.9275
24.1367
-1.0000
24.0978
23.8979
26.4548
26.0752
-1.0000
-1.0000
-1.0000
-1.0000
23.6161
26.5432
24.1893
30.3578
34.7098
23.8274
-1.0000
24.0070
37.8758
24.2993
-1.0000
23.6648
23.8104
34.9690
31.8758
25.1548
26.3759
23.8380
27.6019
26.2438
33.4444
21.2247
0.7853
0.6272
0.8324
0.6097
0.6712
0.6203
1.0000
0.5907
0.8675
0.5997
0.7832
0.7885
0.7025
0.6357
0.5896
0.5923
0.8449
0.5983
0.5634
1.0000
1.0000
0.5414
0.6110
0.5944
0.5430
0.4877
0.6883
0.6357
0.5697
1.0000
0.5937
0.5941
0.5987
0.7097
0.9597
0.9291
0.5383
0.5921
1.0000
0.8705
0.8721
0.6245
0.5930
0.6298
1.0000
0.7195
0.5745
0.8528
0.6976
0.6314
0.6900
0.9503
0.5614
0.6698
1.0000
1.0000
0.6641
0.7439
1.0000
0.8599
1.0000
0.6032
0.6966
0.6263
1.0000
0.5936
0.6182
0.7894
0.9508
1.0000
0.6090
0.6285
0.6585
0.6292
0.5949
0.6383
0.6382
0.5852
1.0000
0.5405
1.0000
0.6281
0.5998
1.0000
0.6255
0.5993
0.6229
1.0000
0.5900
0.9486
1.0000
0.6588
0.6675
0.9587
0.6314
1.0000
0.6268
0.7473
0.5722
0.5414
0.7872
0.6331
0.6508
0.6031
0.6696
0.6918
0.7713
0.6285
0.6330
0.6641
1.0000
0.5913
0.6560
1.0000
0.9545
0.9633
0.6664
0.8468
1.0000
0.7105
1.0000
1.0000
0.9481
0.7906
0.6300
0.8013
1.0000
1.0000
0.6090
0.7893
0.8750
0.6691
0.6186
0.5952
0.5169
0.6125
0.6369
1.0000
0.5430
0.6508
0.8774
0.8030
1.0000
1.0000
1.0000
1.0000
0.5389
0.7032
0.6091
0.8124
0.7765
0.6312
1.0000
0.6107
0.7884
0.6290
1.0000
0.6091
0.6008
0.7852
0.7861
0.7097
0.6209
0.5924
0.6292
0.8688
0.9301
0.7451
