28.0597
24.2006
26.7995
24.2736
24.6619
24.7653
30.2308
24.2383
27.3500
24.1691
26.6452
24.8169
24.2061
24.4366
24.1298
24.3614
24.6274
24.5517
33.3336
31.4538
26.1138
24.6236
24.5864
25.8325
29.0362
26.2584
24.9045
26.2692
32.8509
24.0268
24.6134
25.1274
28.8243
28.0642
28.6732
25.7734
24.2392
30.3042
24.1893
24.8613
24.2139
23.9040
25.7618
30.4310
30.2265
24.4900
27.9641
31.5086
26.4205
33.7750
28.9992
24.4857
24.0744
33.2961
26.6892
34.6869
34.9385
27.1674
29.8531
24.0546
26.2579
24.8875
31.7532
24.5918
25.8396
32.7213
24.2683
24.4485
25.5529
24.8570
24.1719
24.6384
24.7781
24.3410
26.3207
24.2769
24.1796
24.7715
23.9414
25.7487
24.5024
28.4293
24.3426
30.0451
25.4229
32.1853
29.4729
26.4806
24.4369
24.8701
26.5926
24.5410
24.2948
24.7362
25.8647
26.5673
25.8865
24.3431
24.0651
26.5309
30.8920
25.8821
24.8542
27.8361
24.3450
27.9352
24.7261
32.4454
33.1181
24.9113
26.3319
36.3315
24.6410
31.7248
27.2500
24.5447
24.7876
24.2316
25.7606
24.3267
23.8666
30.4300
24.3572
24.6003
24.3858
24.9862
24.6893
28.7741
24.4984
24.2572
24.6748
27.8552
25.7727
36.0753
24.2945
24.1156
27.9417
26.5347
29.0850
24.7967
30.2701
24.5074
26.6269
0.8853
0.5249
0.8878
0.5169
0.5344
0.5883
0.9105
0.5125
0.9144
0.5091
0.8695
0.5582
0.5260
0.5312
0.5161
0.5094
0.5393
0.5333
0.9713
0.9188
0.8623
0.5284
0.5417
0.8560
0.7976
0.8884
0.5373
0.8603
0.9633
0.5000
0.5438
0.5455
0.9090
0.8808
0.8890
0.8578
0.5122
0.9103
0.5090
0.5343
0.5111
0.4940
0.7634
0.9098
0.9136
0.5353
0.9212
0.9324
0.8584
0.9748
0.9248
0.5325
0.5157
0.9690
0.8658
0.9303
0.9207
0.9113
0.9281
0.5043
0.8614
0.5396
0.9241
0.5465
0.7077
0.9641
0.5152
0.5202
0.6315
0.5380
0.5381
0.5388
0.5383
0.5322
0.8637
0.5134
0.5386
0.5403
0.4952
0.7628
0.5355
0.9236
0.5348
0.9127
0.7056
0.9307
0.9080
0.8644
0.5375
0.5375
0.8685
0.5275
0.5183
0.5362
0.8206
0.8611
0.8621
0.5428
0.5087
0.8637
0.9172
0.8612
0.5871
0.8776
0.5327
0.9220
0.5349
0.9335
0.9688
0.5685
0.8726
0.9863
0.5367
0.9336
0.8718
0.5356
0.5398
0.5423
0.8123
0.5255
0.5096
0.9113
0.5178
0.5376
0.5139
0.5392
0.5360
0.9058
0.5350
0.5339
0.5378
0.9172
0.8133
0.9276
0.5138
0.5077
0.9152
0.8716
0.9060
0.5458
0.9200
0.5134
0.7056
