25.5941
22.6763
27.2675
22.6574
22.7743
23.5034
27.6166
23.6387
28.3033
24.1972
24.1434
23.4564
22.7691
24.9667
23.7423
23.5247
21.9611
22.5704
32.0406
29.0972
25.4864
23.1545
22.9686
25.3136
29.6377
23.4452
23.6462
25.4251
30.3779
23.7450
23.5349
22.8019
28.4276
25.5363
25.7767
25.5719
24.5171
27.7532
24.4794
24.3878
23.3622
23.6800
24.0818
27.7763
32.0098
23.3093
28.0289
33.5103
25.7804
26.8787
21.4458
21.9966
31.7526
26.1593
32.8786
27.8557
27.1100
23.6340
23.5769
21.5875
29.2560
23.3248
23.6990
36.5012
23.1268
21.9473
23.5099
21.8920
23.4547
22.9566
22.7914
22.8237
25.4283
23.7477
23.2821
39.0327
22.4626
23.6840
24.0673
21.5626
26.4776
22.0482
30.6959
23.9704
29.3389
30.5333
25.3863
22.1964
22.0174
23.6984
23.4677
22.4187
22.6591
23.9132
25.2281
23.5565
22.9121
23.5229
26.1219
28.6561
24.8279
23.5902
25.5132
22.1525
28.5821
23.2528
30.0453
38.3661
23.3804
26.8808
38.5508
22.9277
34.7084
25.2755
22.6688
21.4614
22.9694
23.8072
23.0598
22.6123
28.2231
21.7803
21.8253
24.4943
23.5403
21.9683
29.1705
22.6682
22.9651
23.0213
26.3545
24.5287
34.6673
23.4910
24.1358
25.8245
26.6854
30.1491
22.5926
32.2119
24.1095
25.4277
0.8594
0.3716
0.9083
0.3711
0.4166
0.4928
0.9140
0.4981
0.9213
0.5175
0.5884
0.4909
0.3481
0.5447
0.5131
0.4906
0.4169
0.4123
0.9667
0.9077
0.8846
0.4470
0.3833
0.8132
0.9163
0.4953
0.5158
0.8599
0.9257
0.5161
0.4956
0.4147
0.9009
0.8539
0.8501
0.8596
0.5247
0.8961
0.5170
0.5128
0.4947
0.5177
0.5601
0.9160
0.9689
0.5153
0.8981
0.9796
0.8640
0.8731
0.3817
0.4061
0.9594
0.8637
0.9731
0.9168
0.8594
0.4883
0.5095
0.3886
0.9077
0.4910
0.5131
0.9516
0.4637
0.3516
0.4937
0.4095
0.5250
0.4449
0.4153
0.4158
0.8550
0.5164
0.5231
0.9515
0.4191
0.5181
0.5326
0.3867
0.8669
0.4102
0.9615
0.5312
0.9146
0.9279
0.7692
0.4229
0.3993
0.5309
0.4681
0.4249
0.4155
0.5332
0.7128
0.5106
0.4640
0.5142
0.8497
0.9005
0.7175
0.5094
0.8804
0.4087
0.9003
0.4398
0.9225
0.9507
0.5108
0.8758
0.9876
0.4858
0.9874
0.8172
0.4354
0.3905
0.4967
0.5305
0.4264
0.4105
0.8965
0.3938
0.3970
0.5173
0.4576
0.3932
0.8672
0.4391
0.4967
0.4274
0.8637
0.6262
0.9795
0.4973
0.5122
0.8554
0.8721
0.9223
0.3736
0.9721
0.5111
0.6371
