24.6431
25.4022
29.2503
25.1237
25.9441
27.3753
25.5075
26.9985
29.6566
-1.0000
27.3070
-1.0000
24.2930
26.5739
25.6456
27.3884
27.1768
25.8192
24.8343
25.3578
26.0789
26.1715
-1.0000
27.8862
27.1612
-1.0000
-1.0000
25.0411
-1.0000
27.4689
30.8961
34.5593
24.7346
25.6750
28.2708
26.0871
27.1126
27.3196
25.3796
30.5290
24.5816
24.4518
27.6582
27.9324
26.3874
25.7067
26.2701
29.6933
-1.0000
27.1025
27.1965
27.6281
25.7428
31.5612
-1.0000
25.2440
30.2600
-1.0000
32.5775
28.3929
37.4789
24.7031
25.9586
25.5337
26.7672
-1.0000
28.9426
44.4918
26.1412
29.5914
24.5754
27.0203
24.4370
25.9186
26.7961
24.9871
26.0617
33.7807
-1.0000
-1.0000
-1.0000
25.2621
38.8488
24.9125
27.4466
-1.0000
25.8792
25.6163
25.2564
-1.0000
25.5412
-1.0000
25.5136
-1.0000
27.9278
-1.0000
27.1653
25.3922
27.7501
25.4365
27.1250
25.6125
-1.0000
25.5610
24.8196
-1.0000
25.8751
-1.0000
31.2560
-1.0000
-1.0000
27.7293
-1.0000
26.6531
31.1226
24.0779
25.1358
25.7867
24.0338
27.2755
25.7859
25.7081
-1.0000
25.0468
24.2848
24.7168
25.0903
25.6643
29.1331
26.3725
27.6319
26.2848
-1.0000
24.7236
-1.0000
25.2568
30.3950
-1.0000
26.1205
26.0698
-1.0000
-1.0000
35.2839
45.5595
31.5890
25.6158
29.1898
-1.0000
27.2572
25.2167
33.0038
24.4652
25.2417
26.0821
25.7078
25.9255
25.4464
25.3795
26.3731
25.6287
25.2404
25.8514
25.7403
-1.0000
-1.0000
-1.0000
-1.0000
26.0519
30.3949
25.2276
58.8801
-1.0000
25.5086
-1.0000
-1.0000
25.7855
24.6773
27.5146
26.2054
25.3021
26.7811
24.7968
-1.0000
29.0155
30.8445
-1.0000
28.3094
25.4050
32.0980
25.8604
-1.0000
21.3193
0.7488
0.6496
0.9300
0.6253
0.8645
0.6245
0.8301
0.8973
0.9400
1.0000
0.8983
1.0000
0.7571
0.8819
0.6180
0.9090
0.6525
0.8727
0.6214
0.6009
0.9077
0.9305
1.0000
0.6456
0.8959
1.0000
1.0000
0.6475
1.0000
0.6370
0.9545
0.8570
0.8653
0.6436
0.7699
0.9124
0.6846
0.6370
0.6235
0.9547
0.7065
0.8598
0.6421
0.9040
0.8790
0.8632
0.8701
0.6731
1.0000
0.9084
0.7333
0.6344
0.8601
0.9360
1.0000
0.6553
0.8969
1.0000
0.9690
0.8698
0.9905
0.7809
0.6001
0.6048
0.9373
1.0000
0.9102
0.9965
0.9071
0.9363
0.8398
0.8967
0.8238
0.6122
0.9405
0.6454
0.8831
0.9784
1.0000
1.0000
1.0000
0.6500
0.9479
0.6330
0.6243
1.0000
0.6269
0.6596
0.6268
1.0000
0.8566
1.0000
0.6234
1.0000
0.6902
1.0000
0.8905
0.7056
0.9226
0.6069
0.8843
0.8774
1.0000
0.6061
0.7536
1.0000
0.6125
1.0000
0.9547
1.0000
1.0000
0.6305
1.0000
0.9176
0.9473
0.7026
0.6273
0.5925
0.7518
0.9007
0.6285
0.6164
1.0000
0.8686
0.7261
0.8693
0.6446
0.6524
0.9135
0.9254
0.6413
0.8884
1.0000
0.7152
1.0000
0.6043
0.9490
1.0000
0.8639
0.9119
1.0000
1.0000
0.9856
0.9587
0.7248
0.6617
0.9238
1.0000
0.9539
0.6415
0.9740
0.7115
0.6067
0.6051
0.7696
0.8869
0.6226
0.6144
0.9026
0.5931
0.6014
0.8700
0.8617
1.0000
1.0000
1.0000
1.0000
0.5929
0.9606
0.6224
0.9992
1.0000
0.6384
1.0000
1.0000
0.6226
0.7026
0.6459
0.9113
0.6625
0.9092
0.8406
1.0000
0.9156
0.9306
1.0000
0.8956
0.6519
0.9623
0.8698
1.0000
0.8308
