30.5828
24.4994
33.5084
25.2375
34.2561
30.6329
29.0236
31.8928
26.3994
33.7255
24.1225
26.5708
31.2400
33.5753
33.2753
33.5568
25.4315
33.1506
30.6652
31.9369
25.3593
33.8478
31.4092
33.6299
31.8487
30.9443
33.1911
27.5390
29.6230
33.4281
29.4179
32.2960
32.4965
30.7114
24.9054
32.1811
30.5477
33.0130
31.2285
32.5700
24.0379
31.2087
30.6779
24.1058
31.7945
24.4134
33.5665
30.5082
26.5506
30.4472
32.4709
24.6660
24.5160
33.5770
23.3017
30.9576
25.0310
23.6221
33.3045
32.4158
31.1546
30.5616
30.6804
32.6360
29.9008
27.8619
30.9207
24.1619
23.4531
32.4682
30.5226
32.3707
24.4712
33.1838
33.0026
33.6801
31.4850
23.7359
31.3478
34.1936
30.6207
33.8428
24.6918
30.4337
24.8705
31.4809
25.3839
32.8770
23.2032
34.5692
32.6697
33.2830
34.5159
32.7099
31.2384
30.9924
38.4791
24.1822
23.0192
32.8543
25.7295
25.6699
30.9466
33.7376
30.6849
25.9500
30.5040
35.3752
30.0088
0.4504
0.7929
0.5210
0.8540
0.9484
0.6180
0.8120
0.5051
0.8503
0.5250
0.7910
0.8490
0.5773
0.5280
0.9362
0.9471
0.8796
0.9471
0.6519
0.4881
0.8448
0.9322
0.5803
0.9432
0.4918
0.4485
0.9469
0.8563
0.4204
0.5541
0.9053
0.9042
0.9324
0.4638
0.8442
0.5023
0.4549
0.5447
0.4363
0.9327
0.8678
0.4378
0.4304
0.8292
0.5899
0.8368
0.5162
0.4468
0.8887
0.9103
0.9495
0.8388
0.5950
0.9446
0.8268
0.9030
0.7433
0.8639
0.5107
0.9241
0.4378
0.4672
0.4316
0.9356
0.4634
0.8985
0.4785
0.7281
0.8396
0.5008
0.6440
0.4961
0.7750
0.5392
0.9464
0.5206
0.4268
0.5868
0.4989
0.9485
0.6286
0.5266
0.8370
0.4496
0.5898
0.5825
0.7976
0.5068
0.7820
0.7510
0.9328
0.5352
0.9486
0.9322
0.4850
0.4335
0.7559
0.8644
0.8222
0.9433
0.8849
0.8747
0.4442
0.5313
0.6485
0.7448
0.4587
0.4230
0.6939
