25.0426
24.1993
25.1052
24.2888
25.4251
25.5209
26.4996
26.5218
25.3229
25.7133
24.9724
25.5499
24.6434
26.2525
25.4354
25.6522
25.2333
25.8357
34.1068
30.8635
25.6661
24.2186
24.2885
25.1825
30.6389
24.5827
25.2287
25.7800
32.7486
25.3594
25.4465
26.3864
29.1112
25.1968
24.7642
25.6401
25.7126
29.6742
24.9549
25.2422
26.5411
25.1826
24.8473
28.3575
32.3441
24.8582
26.0917
32.8991
25.7601
25.4460
23.8783
25.0589
33.3858
24.7746
35.0955
25.6421
25.5689
24.2423
24.7403
25.1481
31.0185
24.3388
25.6890
34.3961
24.7461
24.4372
24.9274
23.3535
25.5291
23.9016
25.2544
25.1276
26.0506
26.4655
25.7601
24.8806
25.3098
25.6135
25.3560
24.7047
24.8644
31.7364
24.7883
31.3231
30.9472
25.2261
24.1376
25.1654
24.9715
24.4743
23.5185
24.6793
25.4429
25.3934
25.0586
24.3246
24.5940
25.8225
30.3580
25.2402
25.6605
25.2435
25.0837
28.0626
25.5924
32.1840
34.9734
25.4279
25.0440
26.4145
33.9064
25.2469
24.3118
24.3017
24.0519
24.9304
24.2063
24.8312
29.9355
25.5937
24.6427
25.6077
25.4578
25.8151
29.0085
23.8141
25.9492
24.8430
24.2354
25.1772
25.0467
24.7943
24.6721
24.8153
29.9689
24.3828
32.9175
25.4416
26.2927
0.5181
0.5487
0.4879
0.5540
0.6065
0.5706
0.5935
0.6380
0.4409
0.6112
0.5760
0.5989
0.5539
0.5497
0.5880
0.6020
0.6083
0.6130
0.9151
0.7562
0.5800
0.5315
0.5493
0.5888
0.7497
0.5732
0.5997
0.5628
0.8868
0.5959
0.5765
0.6209
0.8330
0.5371
0.4976
0.5870
0.6076
0.8442
0.6003
0.5306
0.6408
0.5941
0.5745
0.7914
0.8984
0.5912
0.5524
0.9064
0.5482
0.5188
0.5253
0.6032
0.9052
0.5005
0.9386
0.5153
0.5192
0.5361
0.5761
0.5682
0.7922
0.5428
0.5994
0.9364
0.5736
0.5706
0.5647
0.5387
0.5995
0.5397
0.5997
0.6020
0.5789
0.6307
0.5235
0.5986
0.5977
0.5894
0.5205
0.4159
0.5998
0.8915
0.5728
0.8920
0.7703
0.5728
0.5532
0.4972
0.5774
0.5484
0.5438
0.5911
0.5851
0.5802
0.5943
0.5402
0.5091
0.5358
0.7267
0.5820
0.5995
0.5549
0.6029
0.6719
0.6231
0.8858
0.9453
0.5770
0.4850
0.6421
0.9149
0.5689
0.5649
0.5624
0.5382
0.5778
0.5305
0.5840
0.7520
0.5821
0.5957
0.6057
0.6115
0.5953
0.7953
0.5404
0.6261
0.5909
0.4779
0.5771
0.5212
0.5611
0.4968
0.4936
0.7468
0.5516
0.8866
0.5986
0.6159
