30.5753
24.1378
25.4227
24.4173
25.0067
24.1292
23.8880
25.9110
23.8939
29.5984
26.5951
24.3576
23.8179
24.3512
26.3793
24.4758
24.5006
24.4687
24.3729
24.3391
23.6076
26.7592
27.8128
24.1550
24.7064
24.2443
24.1546
24.8128
26.5786
29.3119
30.6976
23.8979
23.9883
25.4841
25.1518
23.9468
24.3443
23.5390
27.6100
24.1105
26.0612
28.7375
24.8294
29.6314
35.2320
23.7206
25.1034
24.8017
29.4248
25.6006
23.9868
28.0855
23.6205
24.2585
27.5662
29.5223
24.4840
24.2945
23.8801
23.9064
23.9028
24.4590
25.0579
24.3681
24.2966
23.8869
24.2300
23.9964
24.3092
27.4157
23.7152
32.5511
25.5721
27.2216
31.1450
23.5321
26.3475
30.1759
24.5790
24.0039
29.1680
24.1348
24.1094
24.1643
27.1111
30.2961
26.9165
24.2671
24.2528
24.9245
23.5668
27.1413
29.8698
32.2700
25.5823
26.3441
24.8408
29.5274
24.0130
25.0874
24.1956
29.2816
30.2116
25.9769
23.8657
24.1811
27.4014
24.4659
24.3005
24.0514
24.5869
25.5961
24.9547
24.0601
26.6092
24.9146
30.1153
36.2384
24.1972
24.4141
30.7867
23.5106
24.3253
23.8695
30.6818
33.5336
25.1117
26.6502
24.5723
28.2322
26.1228
34.5013
26.0467
0.8108
0.5459
0.8660
0.6169
0.6307
0.5657
0.5436
0.8727
0.5457
0.7902
0.8824
0.6102
0.5426
0.5922
0.8764
0.5872
0.5689
0.5715
0.6059
0.5667
0.5005
0.6690
0.6698
0.5801
0.5987
0.5891
0.5880
0.5990
0.8554
0.6942
0.9510
0.5250
0.5431
0.8453
0.7548
0.5435
0.5879
0.4964
0.6716
0.5589
0.8778
0.7817
0.6292
0.7905
0.7857
0.4937
0.5836
0.6310
0.6924
0.8749
0.5759
0.6747
0.4983
0.5466
0.8634
0.7898
0.6102
0.5604
0.5358
0.5138
0.5510
0.6113
0.6034
0.6346
0.5718
0.5427
0.5541
0.5962
0.5675
0.7205
0.4968
0.7819
0.6063
0.6655
0.9507
0.5120
0.4886
0.7918
0.5903
0.5185
0.7791
0.5808
0.5365
0.6007
0.6257
0.8462
0.4901
0.5474
0.5799
0.6296
0.4965
0.8840
0.7406
0.9591
0.6057
0.8585
0.6307
0.7884
0.5506
0.7562
0.5789
0.8398
0.7948
0.6767
0.5128
0.5482
0.6642
0.6100
0.6096
0.5197
0.5721
0.8708
0.6653
0.5196
0.7166
0.6448
0.7553
0.7831
0.5793
0.6327
0.7839
0.4962
0.5839
0.5520
0.9568
0.9040
0.7061
0.6256
0.5903
0.7267
0.8762
0.7922
0.6580
