26.0142
24.9442
26.5342
24.3469
23.3417
23.9308
27.3015
24.9637
26.4998
24.9117
24.2243
24.5167
24.4329
24.1737
24.3943
24.6608
25.3167
25.7332
30.1158
28.8505
25.3169
24.6730
24.7338
24.6063
29.9596
23.5804
23.0454
25.6027
29.7678
24.2287
24.1025
25.3464
27.9991
25.9593
26.4856
24.9994
23.8114
27.9046
24.4469
23.7379
25.8584
23.9965
23.8367
27.5269
29.2570
23.4168
27.6887
29.4313
25.8634
26.3437
24.4466
24.4773
29.8452
26.3773
33.2942
26.5232
27.0146
24.0409
23.8542
24.8032
28.4702
24.7127
24.8354
32.3559
23.8040
24.6726
23.3586
24.2340
24.2964
24.3928
23.3036
24.2837
25.8041
25.9783
24.4817
24.2014
24.6632
24.3554
25.5921
25.7580
24.5707
28.9182
23.6208
28.5110
28.1483
25.0254
24.5671
25.7327
24.2743
24.9201
24.0460
23.8700
23.8113
24.4487
23.8538
24.7995
23.2628
26.3606
28.4453
24.5752
24.8393
25.3665
24.3601
27.4433
23.6816
29.3783
33.9263
24.7215
26.3504
23.9219
30.6110
25.3737
24.4667
24.3506
24.5197
23.7548
24.5950
24.4057
28.1390
26.2047
24.2555
25.2927
23.6278
25.8506
28.7777
23.9874
23.8838
24.0107
26.2626
24.2932
23.4204
23.9425
26.3056
26.2110
28.2881
24.6471
29.2965
24.7694
25.6106
0.8729
0.7432
0.6625
0.6990
0.4648
0.5231
0.6676
0.5198
0.4869
0.5476
0.6341
0.5806
0.6706
0.4017
0.5946
0.6018
0.7184
0.6440
0.7784
0.7854
0.7578
0.6999
0.7145
0.6317
0.8458
0.5441
0.4808
0.8431
0.9535
0.6229
0.5400
0.5861
0.7759
0.8708
0.8730
0.7056
0.4714
0.7784
0.5890
0.4066
0.6638
0.5708
0.5459
0.7208
0.8152
0.5261
0.6683
0.9212
0.8704
0.6172
0.7301
0.6782
0.9188
0.8726
0.9302
0.6234
0.6551
0.5622
0.5958
0.7096
0.6847
0.7031
0.6316
0.9320
0.5737
0.6792
0.4979
0.6697
0.5771
0.7422
0.4690
0.6737
0.8483
0.7087
0.4776
0.6734
0.6271
0.5715
0.6054
0.5131
0.6787
0.7395
0.5175
0.7405
0.6863
0.7145
0.7023
0.6340
0.6303
0.6612
0.6655
0.6685
0.5275
0.6665
0.5291
0.7409
0.4458
0.8778
0.7796
0.6310
0.6334
0.8681
0.6781
0.6725
0.4798
0.9153
0.7795
0.6323
0.7063
0.5084
0.7817
0.8088
0.7101
0.6788
0.7019
0.5286
0.6964
0.6713
0.8278
0.7637
0.6762
0.7396
0.4772
0.7105
0.8367
0.7089
0.5294
0.6640
0.7032
0.5947
0.4492
0.5346
0.8485
0.8449
0.7822
0.7089
0.9542
0.6017
0.6738
