33.0680
24.6796
25.6142
24.2726
25.7414
24.1280
-1.0000
23.4928
26.1215
23.6391
39.5927
29.9880
26.9038
23.9221
23.1386
23.8427
26.7307
24.5001
24.4173
-1.0000
-1.0000
24.7292
23.9625
24.3753
24.5572
26.4197
28.5585
24.3346
24.6474
-1.0000
24.2845
24.1449
24.6215
26.6069
32.5653
34.3125
24.4040
23.5410
-1.0000
25.9760
26.6432
24.3398
24.1486
24.5020
-1.0000
27.9465
23.4076
26.2098
28.8442
25.1728
30.5512
43.9223
24.8397
25.4880
-1.0000
-1.0000
25.3989
31.1545
-1.0000
26.0752
-1.0000
23.9476
28.7338
25.0143
-1.0000
23.9838
27.0332
29.8897
48.4606
-1.0000
24.1987
24.6977
24.6125
24.7164
23.6169
24.8678
25.1833
23.5811
-1.0000
24.7375
-1.0000
24.5506
24.1196
-1.0000
24.0280
24.3242
27.3290
-1.0000
24.7368
44.4036
-1.0000
25.1214
27.3712
32.4457
24.2125
-1.0000
27.4374
30.9941
24.0742
24.7032
29.6604
23.7656
24.3645
23.9036
27.9392
30.4966
28.4039
24.4888
24.1736
25.3734
-1.0000
24.4451
27.0854
-1.0000
32.0996
32.3525
24.7012
26.1613
-1.0000
26.2495
-1.0000
-1.0000
41.3423
30.2464
24.5294
25.6984
-1.0000
-1.0000
24.2516
29.5813
32.1396
25.1428
24.3317
23.6980
27.2365
23.6980
24.0242
-1.0000
25.0206
24.1091
26.3567
26.3203
-1.0000
-1.0000
-1.0000
-1.0000
24.0901
26.6372
24.3112
31.8485
36.2089
23.9335
-1.0000
24.2167
39.2934
24.6897
-1.0000
24.0899
23.9378
36.2579
32.8620
25.5959
26.8239
24.4104
28.2068
26.2198
34.2005
21.6217
0.9727
0.5348
0.8541
0.5425
0.7143
0.5361
1.0000
0.5017
0.8546
0.5096
0.9513
0.9139
0.8712
0.5413
0.4892
0.5151
0.8671
0.5330
0.5380
1.0000
1.0000
0.5451
0.5240
0.5277
0.5434
0.8562
0.7893
0.5425
0.5417
1.0000
0.5298
0.5318
0.5622
0.8733
0.9662
0.9808
0.5427
0.5031
1.0000
0.8616
0.8609
0.5310
0.5275
0.5599
1.0000
0.8974
0.4960
0.8626
0.7286
0.5950
0.9238
0.9534
0.5628
0.6046
1.0000
1.0000
0.7594
0.9303
1.0000
0.8593
1.0000
0.5339
0.7907
0.5649
1.0000
0.5074
0.9078
0.8693
0.9547
1.0000
0.5421
0.5385
0.5620
0.5586
0.5066
0.5662
0.6278
0.5218
1.0000
0.5417
1.0000
0.5342
0.5138
1.0000
0.5327
0.5305
0.9094
1.0000
0.5596
0.9532
1.0000
0.5943
0.9161
0.9651
0.5415
1.0000
0.9148
0.9264
0.5111
0.5435
0.9071
0.5212
0.5360
0.5340
0.8961
0.9213
0.8973
0.5307
0.5408
0.6652
1.0000
0.5419
0.9058
1.0000
0.9620
0.9685
0.5847
0.8670
1.0000
0.8187
1.0000
1.0000
0.9519
0.9163
0.5345
0.8787
1.0000
1.0000
0.5365
0.9112
0.9566
0.5740
0.5338
0.5095
0.8487
0.5227
0.5422
1.0000
0.5651
0.5524
0.8647
0.8658
1.0000
1.0000
1.0000
1.0000
0.5188
0.8763
0.5408
0.9324
0.9873
0.5200
1.0000
0.5436
0.9524
0.5647
1.0000
0.5390
0.5175
0.9890
0.9748
0.8177
0.9095
0.5268
0.7846
0.8621
0.9811
0.7584
