26.4339
30.6777
31.1341
27.0682
25.7132
26.0720
26.1014
25.6742
26.1525
26.4311
26.2013
27.1328
25.9377
25.2405
25.6215
22.0424
30.1496
26.3953
25.6865
26.7856
26.0368
28.9174
26.1134
31.3940
36.4996
25.3218
27.9914
35.4740
24.9373
33.2242
26.6951
26.5702
25.3775
24.4861
26.1266
26.5415
26.5409
30.0045
26.1508
25.6196
26.4081
26.3512
26.1689
29.9361
26.2422
24.9391
26.4767
26.2090
26.1375
33.1907
25.8385
26.1438
22.0953
27.4130
30.7705
26.4848
32.5370
25.9223
27.2748
0.6377
0.9232
0.7848
0.6398
0.6172
0.6067
0.6325
0.6019
0.6177
0.6044
0.6436
0.6493
0.6322
0.6171
0.6179
0.6527
0.9275
0.6411
0.6569
0.6551
0.6085
0.9256
0.6036
0.8438
0.7821
0.6349
0.9032
0.6846
0.6089
0.5154
0.6411
0.6256
0.6054
0.6120
0.6466
0.6150
0.6134
0.9390
0.6078
0.5969
0.6326
0.6090
0.6009
0.9266
0.6243
0.6179
0.6106
0.6333
0.6367
0.5225
0.6169
0.6187
0.6472
0.8604
0.8312
0.6596
0.6460
0.6291
0.6706
