26.0678
25.0370
26.3710
25.0252
25.3966
23.7439
26.6059
24.4593
27.3456
25.0614
24.6313
24.2659
25.3748
25.5411
23.5048
24.2177
23.2462
23.7289
30.8555
28.4187
25.7238
25.1561
24.3588
25.1183
29.0223
23.7798
24.3604
25.5709
29.5466
23.6374
23.6497
24.1459
28.0077
25.8105
25.9112
25.4297
25.0276
27.0027
25.0854
25.2962
24.1294
23.6999
24.5881
26.7766
31.1491
23.7789
27.5739
33.0223
26.0272
26.1290
22.8778
23.5040
30.3111
26.0800
31.5905
26.7665
25.9245
24.2370
23.9806
23.0036
27.8501
24.2821
24.4558
36.1963
25.1642
23.5204
24.2066
23.3415
23.8011
25.1539
24.7129
25.1524
25.7047
24.4139
23.8376
37.1433
23.6462
24.0032
24.1305
22.9550
26.1828
23.5209
30.1741
24.4938
27.8618
29.0823
25.4363
23.4512
23.2262
24.2921
24.8353
23.7132
24.0169
23.6838
25.6911
23.4719
24.9228
24.2666
26.0398
27.9663
24.8134
24.1308
25.5889
23.7198
28.1379
25.5853
28.1753
37.6906
23.9268
26.3138
36.2726
23.9530
34.1274
25.2242
24.3859
22.8441
23.5720
23.7625
25.5767
25.2252
27.6207
23.1470
23.7426
25.1041
25.3888
23.3402
28.6424
24.8428
23.5614
24.6219
26.5358
24.6965
32.7974
24.4940
24.9412
26.1122
26.4075
28.4717
23.9779
31.4310
24.5102
25.8376
0.8699
0.5494
0.6586
0.5787
0.6154
0.5041
0.6581
0.5987
0.6736
0.6083
0.6024
0.5962
0.5305
0.6165
0.5012
0.5722
0.4730
0.4630
0.9574
0.8376
0.8107
0.6908
0.4427
0.6704
0.7921
0.5179
0.6051
0.8704
0.8041
0.5182
0.5010
0.4745
0.8345
0.8647
0.8705
0.7556
0.5856
0.6717
0.6052
0.6049
0.5987
0.5213
0.5929
0.6639
0.9228
0.5858
0.7244
0.9261
0.8780
0.6616
0.4380
0.4922
0.9491
0.8769
0.7843
0.6624
0.5122
0.5697
0.5408
0.4449
0.7873
0.6045
0.5978
0.7818
0.7464
0.4019
0.5421
0.4697
0.5913
0.6023
0.5339
0.5858
0.8690
0.6001
0.5924
0.7770
0.4801
0.5461
0.5454
0.4431
0.7522
0.4932
0.9541
0.5724
0.7874
0.8066
0.6697
0.4784
0.4506
0.5707
0.6286
0.4797
0.4877
0.5049
0.6723
0.4986
0.7446
0.6023
0.8530
0.8343
0.6305
0.5942
0.8021
0.4956
0.8290
0.7333
0.6881
0.9464
0.5719
0.7072
0.7927
0.5964
0.7768
0.7072
0.5439
0.4431
0.5697
0.5194
0.6920
0.6133
0.7703
0.4508
0.5107
0.6046
0.6668
0.4464
0.7864
0.6229
0.5879
0.5309
0.8742
0.6245
0.7862
0.6142
0.6040
0.8749
0.8071
0.6920
0.4230
0.7787
0.5751
0.6463
