29.6001
25.5424
28.7411
26.0322
26.3464
26.3353
32.0400
26.3241
29.0166
26.1100
28.0382
26.3255
26.1005
26.2964
25.9762
25.9832
26.4617
25.9635
33.9180
32.5602
27.5545
26.5163
26.1206
27.1864
30.1443
27.5805
27.0812
28.1021
33.8098
26.2390
26.5529
27.2350
29.9519
29.7076
30.5795
27.1990
26.1446
31.6913
26.2984
26.7093
26.3616
25.7006
26.7187
32.1430
31.1791
25.8893
29.3594
32.0407
27.7348
33.6944
30.6195
25.8856
25.6678
33.9420
28.7214
33.1388
34.2544
29.3525
31.6475
25.4698
27.5529
26.1382
32.7938
25.9891
26.7756
33.4141
26.3085
25.9684
27.0481
26.2121
25.5147
26.0910
26.6408
26.2543
27.7121
26.2269
25.2310
26.4816
26.0755
26.4941
25.8258
30.3294
26.1207
31.0507
26.4206
32.8962
30.5637
28.0144
25.6491
26.6647
28.1909
26.1037
25.8706
26.5976
27.1024
28.0424
27.1849
25.5983
26.1177
28.3297
32.2170
27.1164
26.1113
29.3836
26.1711
29.2626
26.3725
33.1386
33.5401
26.4641
28.7436
35.5155
26.7294
32.9709
28.8027
26.3544
26.3648
25.6343
26.6125
26.2513
25.8007
31.9947
25.6061
26.4549
26.4077
26.4515
26.2793
29.9761
26.0360
25.8533
26.5151
29.8085
26.8096
34.9520
26.3149
25.6174
30.0566
28.9828
30.2016
26.3495
30.7874
26.6607
28.0768
0.8071
0.6454
0.7264
0.6233
0.6231
0.6286
0.9208
0.6124
0.8598
0.6116
0.7451
0.6287
0.6281
0.6197
0.6208
0.6185
0.6473
0.6287
0.8870
0.9323
0.7330
0.6265
0.6389
0.7100
0.8774
0.7135
0.6606
0.7380
0.9482
0.6225
0.6288
0.6482
0.9078
0.7891
0.8464
0.7223
0.6105
0.9232
0.6256
0.6434
0.6157
0.6185
0.6407
0.9235
0.9383
0.6420
0.8897
0.9631
0.7463
0.8731
0.8979
0.6313
0.6157
0.9347
0.7324
0.7230
0.7592
0.8550
0.9130
0.6075
0.7244
0.6426
0.9509
0.6408
0.6482
0.9401
0.6310
0.6466
0.6421
0.6598
0.6387
0.6171
0.6333
0.6257
0.7330
0.6235
0.6341
0.6391
0.6221
0.6485
0.6344
0.8818
0.6223
0.9253
0.6268
0.9528
0.9275
0.7543
0.6360
0.6464
0.7552
0.6187
0.6498
0.6443
0.6846
0.7462
0.6951
0.6361
0.6403
0.7355
0.9290
0.6888
0.6222
0.7542
0.6217
0.8917
0.6298
0.9440
0.9085
0.6531
0.7893
0.8666
0.6598
0.9410
0.7476
0.6244
0.6627
0.6372
0.6632
0.6253
0.6175
0.9326
0.6231
0.6300
0.6307
0.6412
0.6411
0.9136
0.6182
0.6448
0.6368
0.8597
0.6621
0.7520
0.6399
0.6099
0.8437
0.7641
0.9116
0.6553
0.9375
0.6318
0.7237
