31.0920
25.2296
24.9433
25.2406
24.9130
25.0690
24.3548
23.8493
24.3654
28.9136
26.0387
25.1005
24.3039
25.0480
25.7032
24.5473
24.8264
24.7580
25.1958
25.7060
24.6555
21.8232
27.0434
25.0145
24.8181
25.3297
25.2598
24.8444
24.5910
30.6047
31.0301
24.7938
24.5106
25.2039
25.7485
24.8412
25.4295
24.8131
27.7669
24.8924
25.6351
28.9623
25.0100
30.1633
33.4942
24.7101
25.9430
25.1412
30.6494
23.4908
25.0247
28.6335
24.7935
25.1392
25.0616
29.7274
25.5181
24.5877
24.6644
24.5600
24.8930
24.9218
24.7649
24.9162
24.6551
25.1553
25.3550
24.0626
25.1715
23.6889
24.7225
32.1333
26.3884
26.6169
31.7938
24.8258
22.3591
29.6940
24.8366
24.7547
28.8608
25.0710
24.6130
24.5682
22.8443
29.1350
23.0088
24.9713
25.2394
25.4157
24.6487
25.6512
30.3166
31.7686
26.8136
25.3631
25.0814
29.8523
24.9020
25.7571
25.1035
29.5602
29.8812
27.0055
24.4439
25.1234
21.1232
25.2260
25.0752
24.8692
25.5236
23.8965
25.2588
24.8031
24.1868
25.0991
31.0036
33.6527
24.9369
24.6760
31.5931
24.7470
25.3892
24.7266
31.1551
32.4226
25.4276
21.9746
25.4263
28.7693
23.2897
32.3252
26.0637
0.7822
0.5880
0.6014
0.5612
0.5361
0.5624
0.5252
0.5639
0.5372
0.9419
0.5970
0.5596
0.5298
0.5295
0.5780
0.5674
0.5520
0.5518
0.6322
0.6028
0.5275
0.4730
0.8138
0.6126
0.5525
0.5301
0.5815
0.5616
0.5387
0.7849
0.7653
0.5369
0.5323
0.5831
0.5644
0.5470
0.5333
0.5159
0.8069
0.5705
0.5857
0.9326
0.5382
0.9264
0.5012
0.5189
0.5515
0.5312
0.9207
0.6053
0.5918
0.8904
0.5104
0.5567
0.5414
0.9342
0.6137
0.5307
0.5346
0.5041
0.5557
0.5760
0.5433
0.5524
0.5577
0.5909
0.5587
0.5405
0.5751
0.4823
0.5170
0.4980
0.5582
0.8018
0.7819
0.5266
0.4515
0.9388
0.5326
0.5329
0.9199
0.6122
0.5220
0.5993
0.5112
0.9390
0.4959
0.5718
0.6153
0.5344
0.5204
0.5620
0.9256
0.5453
0.5555
0.5576
0.5278
0.9299
0.5519
0.5689
0.6120
0.9401
0.9282
0.6287
0.5076
0.5547
0.4762
0.5979
0.5558
0.5316
0.5368
0.6186
0.5303
0.5361
0.5105
0.5551
0.8231
0.5000
0.5937
0.5480
0.5181
0.5163
0.6244
0.5587
0.5605
0.6757
0.5396
0.4905
0.5387
0.9295
0.5756
0.4985
0.6061
