25.9164
26.0570
26.8706
26.1511
26.8360
24.6631
27.5308
25.1778
27.8309
26.2210
25.2256
25.0578
26.6513
26.8372
24.7736
24.9852
24.7850
25.6320
31.9436
29.0606
25.5724
26.2063
26.2191
25.3927
29.5384
24.7490
25.4357
25.4769
30.0003
24.7546
24.7209
26.1905
28.4693
25.9759
26.0819
25.6013
26.1287
27.8538
26.2399
26.3404
24.9005
24.7314
25.1053
27.6891
31.3222
24.6659
27.9432
33.6238
25.8592
26.8068
24.6121
25.2542
31.3274
26.3563
33.1378
27.4756
26.6460
25.6607
24.9257
24.9517
28.9650
25.2399
24.9183
36.8819
26.2120
24.9594
24.8370
24.8691
24.7466
26.7605
26.4872
26.7582
25.6213
25.0574
24.6580
39.9527
25.7697
24.8963
24.8544
24.9474
26.4664
25.4033
30.5840
25.1837
29.0542
30.2758
25.7544
25.0787
25.2496
25.0532
26.0978
25.6952
26.2248
24.8423
26.1176
24.5892
25.4397
25.3067
26.3827
28.7471
25.2226
24.7790
25.8676
25.6015
28.6218
26.6104
29.5093
38.2403
24.7849
26.7344
39.0829
24.6192
34.6957
25.5544
26.1918
24.7353
24.3816
24.6484
26.9705
26.6610
28.4346
25.2635
25.5026
26.1344
26.2725
25.2263
29.0917
26.3496
24.5273
26.4806
26.5527
25.0769
34.7747
25.7672
26.1277
26.0861
26.6049
29.4491
25.6224
31.8634
25.5623
26.8324
0.6837
0.5919
0.6219
0.5974
0.6617
0.5766
0.6384
0.6216
0.6583
0.6493
0.6222
0.6195
0.5692
0.6652
0.5788
0.6126
0.5629
0.5679
0.8844
0.7302
0.6685
0.6537
0.5534
0.6346
0.7446
0.5831
0.6473
0.6810
0.7807
0.5834
0.5750
0.5862
0.7281
0.6877
0.6848
0.6524
0.6404
0.6651
0.6468
0.6452
0.6222
0.5871
0.6112
0.6506
0.8959
0.6239
0.6860
0.9199
0.6881
0.6299
0.5388
0.5740
0.8460
0.6903
0.8948
0.6398
0.5174
0.6206
0.5920
0.5496
0.7330
0.6424
0.6077
0.8877
0.6882
0.5022
0.5860
0.5608
0.6314
0.6430
0.6230
0.6353
0.6826
0.6204
0.6362
0.8708
0.5858
0.5978
0.5903
0.5460
0.6452
0.5860
0.8660
0.6078
0.7397
0.7879
0.6422
0.5737
0.5618
0.6088
0.6415
0.5850
0.5994
0.5850
0.6533
0.5757
0.6772
0.6357
0.6938
0.7262
0.6262
0.6153
0.6725
0.5863
0.7172
0.6671
0.7271
0.9529
0.6252
0.6330
0.9136
0.6244
0.8704
0.6483
0.6154
0.5506
0.6218
0.5826
0.6809
0.6424
0.6983
0.5621
0.5874
0.6403
0.6361
0.5529
0.7292
0.6502
0.6239
0.6102
0.6875
0.6203
0.9023
0.6472
0.6413
0.6875
0.6543
0.7283
0.5235
0.8957
0.6229
0.6558
