25.0400
24.6817
26.3818
24.5486
24.9706
23.0307
26.4502
23.8437
26.8715
24.7203
23.8652
23.7040
24.9304
25.3954
23.1105
23.8553
23.0827
23.5309
29.8081
28.0378
24.8880
24.9747
24.3317
24.2552
28.1917
23.2211
23.9829
24.7940
28.4586
23.2810
23.1070
23.9236
27.3677
24.9259
25.2312
24.5728
24.8455
26.6522
24.8444
25.0840
23.5607
23.2276
23.7929
26.4456
30.5998
23.5853
27.1748
32.8446
25.3353
25.5710
22.6516
23.1855
29.1959
25.7567
30.5018
26.4990
25.4281
24.2098
23.3184
22.8678
27.9055
24.1477
23.8861
35.4502
24.9476
23.2149
23.4991
23.0519
23.5753
24.5039
24.3315
24.8104
24.7049
23.7796
23.3538
36.5557
23.5358
23.7117
23.9463
22.9136
25.5290
23.4152
29.6544
23.7434
27.7049
28.5542
24.5128
23.2923
23.1283
23.5128
24.8604
23.7697
23.9595
23.3463
24.7523
23.0436
24.4458
24.0202
25.8888
27.7210
23.9914
23.8931
24.8814
23.3978
27.4182
25.2914
27.6934
38.0486
23.6874
26.1616
35.5352
23.4634
33.0675
24.3864
24.1748
22.6827
23.2343
23.6090
25.0967
24.7320
27.1781
23.0209
23.4450
24.9606
25.1261
23.0526
27.9294
24.4497
23.2027
24.1764
25.8087
23.9935
31.9829
24.5128
24.6590
25.1899
26.1299
27.9584
23.8249
31.2929
24.5251
25.4049
0.8606
0.5457
0.6535
0.5416
0.6094
0.4976
0.6579
0.5728
0.6709
0.6064
0.5964
0.5897
0.4976
0.6400
0.4969
0.5678
0.4718
0.4614
0.9572
0.7804
0.8037
0.7273
0.4545
0.6636
0.7863
0.5137
0.6014
0.8672
0.8036
0.5145
0.4951
0.4708
0.8303
0.8623
0.8653
0.7492
0.6097
0.7096
0.6027
0.6310
0.5891
0.5160
0.5882
0.6605
0.9233
0.6118
0.7676
0.9260
0.8732
0.6521
0.4355
0.4719
0.9482
0.8738
0.7832
0.6603
0.4781
0.5717
0.5341
0.4459
0.7831
0.6300
0.5963
0.7809
0.7404
0.3986
0.5345
0.4597
0.5908
0.5707
0.5100
0.5540
0.8631
0.5990
0.5894
0.7741
0.4785
0.5886
0.5894
0.4446
0.7019
0.4943
0.9517
0.5665
0.7307
0.8043
0.6603
0.4764
0.4508
0.5657
0.6947
0.4894
0.4900
0.5153
0.6661
0.4950
0.7417
0.5998
0.8793
0.8316
0.6263
0.6195
0.7979
0.4662
0.7794
0.6887
0.6874
0.9465
0.5954
0.7016
0.7940
0.5882
0.7763
0.7027
0.5398
0.4429
0.5659
0.5357
0.6466
0.5774
0.7699
0.4508
0.5033
0.6055
0.6932
0.4449
0.7817
0.5949
0.5854
0.4928
0.8476
0.6214
0.7840
0.6384
0.5967
0.8665
0.7553
0.6920
0.4209
0.7798
0.5971
0.6428
